# monitoring matrix: residual of 12 blocks (rows) over 16 sweeps (columns)
1.0000 0.9462 0.8851 0.8176 0.7457 0.6711 0.5960 0.5224 0.4517 0.3855 0.3246 0.2697 0.2211 0.1789 0.1430 0.1128
1.2397 1.1379 1.0310 0.9218 0.8132 0.7080 0.6082 0.5155 0.4312 0.3559 0.2899 0.2331 0.1851 0.1452 0.1128 0.0869
1.4207 1.2618 1.1058 0.9563 0.8160 0.6871 0.5709 0.4681 0.3788 0.3027 0.2389 0.1864 0.1442 0.1108 0.0850 0.0655
1.4987 1.2875 1.0913 0.9128 0.7534 0.6137 0.4934 0.3918 0.3075 0.2388 0.1840 0.1412 0.1085 0.0841 0.0664 0.0539
1.4546 1.2086 0.9910 0.8020 0.6407 0.5057 0.3947 0.3052 0.2346 0.1799 0.1387 0.1084 0.0866 0.0716 0.0615 0.0549
1.2992 1.0446 0.8294 0.6509 0.5055 0.3895 0.2989 0.2296 0.1780 0.1405 0.1141 0.0960 0.0841 0.0764 0.0715 0.0682
1.0706 0.8356 0.6462 0.4965 0.3809 0.2936 0.2294 0.1834 0.1515 0.1301 0.1161 0.1072 0.1014 0.0974 0.0940 0.0907
0.8246 0.6327 0.4861 0.3767 0.2974 0.2415 0.2033 0.1780 0.1618 0.1514 0.1444 0.1392 0.1344 0.1293 0.1235 0.1167
0.6216 0.4856 0.3883 0.3208 0.2755 0.2459 0.2270 0.2147 0.2061 0.1990 0.1920 0.1841 0.1749 0.1644 0.1527 0.1400
0.5112 0.4304 0.3769 0.3425 0.3204 0.3057 0.2946 0.2845 0.2738 0.2614 0.2471 0.2309 0.2131 0.1941 0.1745 0.1548
0.5205 0.4805 0.4546 0.4364 0.4213 0.4064 0.3897 0.3703 0.3481 0.3233 0.2964 0.2683 0.2396 0.2111 0.1836 0.1575
0.6472 0.6237 0.6023 0.5796 0.5534 0.5232 0.4889 0.4511 0.4110 0.3695 0.3278 0.2869 0.2479 0.2113 0.1777 0.1475
