# x y phi: a damped two-dimensional wave on a 41 x 31 grid
-5.00 -3.75 -0.000346
-4.75 -3.75 -0.000069
-4.50 -3.75 0.000568
-4.25 -3.75 0.001731
-4.00 -3.75 0.003576
-3.75 -3.75 0.006201
-3.50 -3.75 0.009573
-3.25 -3.75 0.013463
-3.00 -3.75 0.017395
-2.75 -3.75 0.020637
-2.50 -3.75 0.022261
-2.25 -3.75 0.021275
-2.00 -3.75 0.016825
-1.75 -3.75 0.008425
-1.50 -3.75 -0.003828
-1.25 -3.75 -0.019138
-1.00 -3.75 -0.036015
-0.75 -3.75 -0.052462
-0.50 -3.75 -0.066286
-0.25 -3.75 -0.075508
0.00 -3.75 -0.078747
0.25 -3.75 -0.075508
0.50 -3.75 -0.066286
0.75 -3.75 -0.052462
1.00 -3.75 -0.036015
1.25 -3.75 -0.019138
1.50 -3.75 -0.003828
1.75 -3.75 0.008425
2.00 -3.75 0.016825
2.25 -3.75 0.021275
2.50 -3.75 0.022261
2.75 -3.75 0.020637
3.00 -3.75 0.017395
3.25 -3.75 0.013463
3.50 -3.75 0.009573
3.75 -3.75 0.006201
4.00 -3.75 0.003576
4.25 -3.75 0.001731
4.50 -3.75 0.000568
4.75 -3.75 -0.000069
5.00 -3.75 -0.000346

-5.00 -3.50 -0.000535
-4.75 -3.50 -0.000106
-4.50 -3.50 0.000877
-4.25 -3.50 0.002672
-4.00 -3.50 0.005521
-3.75 -3.50 0.009573
-3.50 -3.50 0.014778
-3.25 -3.50 0.020783
-3.00 -3.50 0.026853
-2.75 -3.50 0.031858
-2.50 -3.50 0.034366
-2.25 -3.50 0.032843
-2.00 -3.50 0.025973
-1.75 -3.50 0.013006
-1.50 -3.50 -0.005910
-1.25 -3.50 -0.029543
-1.00 -3.50 -0.055598
-0.75 -3.50 -0.080987
-0.50 -3.50 -0.102328
-0.25 -3.50 -0.116564
0.00 -3.50 -0.121563
0.25 -3.50 -0.116564
0.50 -3.50 -0.102328
0.75 -3.50 -0.080987
1.00 -3.50 -0.055598
1.25 -3.50 -0.029543
1.50 -3.50 -0.005910
1.75 -3.50 0.013006
2.00 -3.50 0.025973
2.25 -3.50 0.032843
2.50 -3.50 0.034366
2.75 -3.50 0.031858
3.00 -3.50 0.026853
3.25 -3.50 0.020783
3.50 -3.50 0.014778
3.75 -3.50 0.009573
4.00 -3.50 0.005521
4.25 -3.50 0.002672
4.50 -3.50 0.000877
4.75 -3.50 -0.000106
5.00 -3.50 -0.000535

-5.00 -3.25 -0.000752
-4.75 -3.25 -0.000150
-4.50 -3.25 0.001233
-4.25 -3.25 0.003758
-4.00 -3.25 0.007765
-3.75 -3.25 0.013463
-3.50 -3.25 0.020783
-3.25 -3.25 0.029229
-3.00 -3.25 0.037765
-2.75 -3.25 0.044805
-2.50 -3.25 0.048331
-2.25 -3.25 0.046190
-2.00 -3.25 0.036528
-1.75 -3.25 0.018292
-1.50 -3.25 -0.008312
-1.25 -3.25 -0.041549
-1.00 -3.25 -0.078191
-0.75 -3.25 -0.113898
-0.50 -3.25 -0.143912
-0.25 -3.25 -0.163932
0.00 -3.25 -0.170964
0.25 -3.25 -0.163932
0.50 -3.25 -0.143912
0.75 -3.25 -0.113898
1.00 -3.25 -0.078191
1.25 -3.25 -0.041549
1.50 -3.25 -0.008312
1.75 -3.25 0.018292
2.00 -3.25 0.036528
2.25 -3.25 0.046190
2.50 -3.25 0.048331
2.75 -3.25 0.044805
3.00 -3.25 0.037765
3.25 -3.25 0.029229
3.50 -3.25 0.020783
3.75 -3.25 0.013463
4.00 -3.25 0.007765
4.25 -3.25 0.003758
4.50 -3.25 0.001233
4.75 -3.25 -0.000150
5.00 -3.25 -0.000752

-5.00 -3.00 -0.000971
-4.75 -3.00 -0.000193
-4.50 -3.00 0.001593
-4.25 -3.00 0.004855
-4.00 -3.00 0.010033
-3.75 -3.00 0.017395
-3.50 -3.00 0.026853
-3.25 -3.00 0.037765
-3.00 -3.00 0.048796
-2.75 -3.00 0.057891
-2.50 -3.00 0.062447
-2.25 -3.00 0.059681
-2.00 -3.00 0.047196
-1.75 -3.00 0.023634
-1.50 -3.00 -0.010739
-1.25 -3.00 -0.053684
-1.00 -3.00 -0.101029
-0.75 -3.00 -0.147164
-0.50 -3.00 -0.185944
-0.25 -3.00 -0.211812
0.00 -3.00 -0.220897
0.25 -3.00 -0.211812
0.50 -3.00 -0.185944
0.75 -3.00 -0.147164
1.00 -3.00 -0.101029
1.25 -3.00 -0.053684
1.50 -3.00 -0.010739
1.75 -3.00 0.023634
2.00 -3.00 0.047196
2.25 -3.00 0.059681
2.50 -3.00 0.062447
2.75 -3.00 0.057891
3.00 -3.00 0.048796
3.25 -3.00 0.037765
3.50 -3.00 0.026853
3.75 -3.00 0.017395
4.00 -3.00 0.010033
4.25 -3.00 0.004855
4.50 -3.00 0.001593
4.75 -3.00 -0.000193
5.00 -3.00 -0.000971

-5.00 -2.75 -0.001153
-4.75 -2.75 -0.000229
-4.50 -2.75 0.001890
-4.25 -2.75 0.005760
-4.00 -2.75 0.011903
-3.75 -2.75 0.020637
-3.50 -2.75 0.031858
-3.25 -2.75 0.044805
-3.00 -2.75 0.057891
-2.75 -2.75 0.068682
-2.50 -2.75 0.074087
-2.25 -2.75 0.070805
-2.00 -2.75 0.055994
-1.75 -2.75 0.028040
-1.50 -2.75 -0.012741
-1.25 -2.75 -0.063691
-1.00 -2.75 -0.119861
-0.75 -2.75 -0.174596
-0.50 -2.75 -0.220605
-0.25 -2.75 -0.251294
0.00 -2.75 -0.262073
0.25 -2.75 -0.251294
0.50 -2.75 -0.220605
0.75 -2.75 -0.174596
1.00 -2.75 -0.119861
1.25 -2.75 -0.063691
1.50 -2.75 -0.012741
1.75 -2.75 0.028040
2.00 -2.75 0.055994
2.25 -2.75 0.070805
2.50 -2.75 0.074087
2.75 -2.75 0.068682
3.00 -2.75 0.057891
3.25 -2.75 0.044805
3.50 -2.75 0.031858
3.75 -2.75 0.020637
4.00 -2.75 0.011903
4.25 -2.75 0.005760
4.50 -2.75 0.001890
4.75 -2.75 -0.000229
5.00 -2.75 -0.001153

-5.00 -2.50 -0.001243
-4.75 -2.50 -0.000247
-4.50 -2.50 0.002039
-4.25 -2.50 0.006213
-4.00 -2.50 0.012839
-3.75 -2.50 0.022261
-3.50 -2.50 0.034366
-3.25 -2.50 0.048331
-3.00 -2.50 0.062447
-2.75 -2.50 0.074087
-2.50 -2.50 0.079917
-2.25 -2.50 0.076377
-2.00 -2.50 0.060400
-1.75 -2.50 0.030246
-1.50 -2.50 -0.013744
-1.25 -2.50 -0.068703
-1.00 -2.50 -0.129293
-0.75 -2.50 -0.188335
-0.50 -2.50 -0.237965
-0.25 -2.50 -0.271070
0.00 -2.50 -0.282696
0.25 -2.50 -0.271070
0.50 -2.50 -0.237965
0.75 -2.50 -0.188335
1.00 -2.50 -0.129293
1.25 -2.50 -0.068703
1.50 -2.50 -0.013744
1.75 -2.50 0.030246
2.00 -2.50 0.060400
2.25 -2.50 0.076377
2.50 -2.50 0.079917
2.75 -2.50 0.074087
3.00 -2.50 0.062447
3.25 -2.50 0.048331
3.50 -2.50 0.034366
3.75 -2.50 0.022261
4.00 -2.50 0.012839
4.25 -2.50 0.006213
4.50 -2.50 0.002039
4.75 -2.50 -0.000247
5.00 -2.50 -0.001243

-5.00 -2.25 -0.001188
-4.75 -2.25 -0.000236
-4.50 -2.25 0.001949
-4.25 -2.25 0.005938
-4.00 -2.25 0.012271
-3.75 -2.25 0.021275
-3.50 -2.25 0.032843
-3.25 -2.25 0.046190
-3.00 -2.25 0.059681
-2.75 -2.25 0.070805
-2.50 -2.25 0.076377
-2.25 -2.25 0.072994
-2.00 -2.25 0.057725
-1.75 -2.25 0.028906
-1.50 -2.25 -0.013135
-1.25 -2.25 -0.065660
-1.00 -2.25 -0.123566
-0.75 -2.25 -0.179993
-0.50 -2.25 -0.227424
-0.25 -2.25 -0.259062
0.00 -2.25 -0.270174
0.25 -2.25 -0.259062
0.50 -2.25 -0.227424
0.75 -2.25 -0.179993
1.00 -2.25 -0.123566
1.25 -2.25 -0.065660
1.50 -2.25 -0.013135
1.75 -2.25 0.028906
2.00 -2.25 0.057725
2.25 -2.25 0.072994
2.50 -2.25 0.076377
2.75 -2.25 0.070805
3.00 -2.25 0.059681
3.25 -2.25 0.046190
3.50 -2.25 0.032843
3.75 -2.25 0.021275
4.00 -2.25 0.012271
4.25 -2.25 0.005938
4.50 -2.25 0.001949
4.75 -2.25 -0.000236
5.00 -2.25 -0.001188

-5.00 -2.00 -0.000940
-4.75 -2.00 -0.000187
-4.50 -2.00 0.001541
-4.25 -2.00 0.004696
-4.00 -2.00 0.009704
-3.75 -2.00 0.016825
-3.50 -2.00 0.025973
-3.25 -2.00 0.036528
-3.00 -2.00 0.047196
-2.75 -2.00 0.055994
-2.50 -2.00 0.060400
-2.25 -2.00 0.057725
-2.00 -2.00 0.045649
-1.75 -2.00 0.022859
-1.50 -2.00 -0.010387
-1.25 -2.00 -0.051925
-1.00 -2.00 -0.097717
-0.75 -2.00 -0.142340
-0.50 -2.00 -0.179850
-0.25 -2.00 -0.204870
0.00 -2.00 -0.213657
0.25 -2.00 -0.204870
0.50 -2.00 -0.179850
0.75 -2.00 -0.142340
1.00 -2.00 -0.097717
1.25 -2.00 -0.051925
1.50 -2.00 -0.010387
1.75 -2.00 0.022859
2.00 -2.00 0.045649
2.25 -2.00 0.057725
2.50 -2.00 0.060400
2.75 -2.00 0.055994
3.00 -2.00 0.047196
3.25 -2.00 0.036528
3.50 -2.00 0.025973
3.75 -2.00 0.016825
4.00 -2.00 0.009704
4.25 -2.00 0.004696
4.50 -2.00 0.001541
4.75 -2.00 -0.000187
5.00 -2.00 -0.000940

-5.00 -1.75 -0.000471
-4.75 -1.75 -0.000094
-4.50 -1.75 0.000772
-4.25 -1.75 0.002352
-4.00 -1.75 0.004859
-3.75 -1.75 0.008425
-3.50 -1.75 0.013006
-3.25 -1.75 0.018292
-3.00 -1.75 0.023634
-2.75 -1.75 0.028040
-2.50 -1.75 0.030246
-2.25 -1.75 0.028906
-2.00 -1.75 0.022859
-1.75 -1.75 0.011447
-1.50 -1.75 -0.005202
-1.25 -1.75 -0.026002
-1.00 -1.75 -0.048933
-0.75 -1.75 -0.071279
-0.50 -1.75 -0.090062
-0.25 -1.75 -0.102591
0.00 -1.75 -0.106991
0.25 -1.75 -0.102591
0.50 -1.75 -0.090062
0.75 -1.75 -0.071279
1.00 -1.75 -0.048933
1.25 -1.75 -0.026002
1.50 -1.75 -0.005202
1.75 -1.75 0.011447
2.00 -1.75 0.022859
2.25 -1.75 0.028906
2.50 -1.75 0.030246
2.75 -1.75 0.028040
3.00 -1.75 0.023634
3.25 -1.75 0.018292
3.50 -1.75 0.013006
3.75 -1.75 0.008425
4.00 -1.75 0.004859
4.25 -1.75 0.002352
4.50 -1.75 0.000772
4.75 -1.75 -0.000094
5.00 -1.75 -0.000471

-5.00 -1.50 0.000214
-4.75 -1.50 0.000043
-4.50 -1.50 -0.000351
-4.25 -1.50 -0.001069
-4.00 -1.50 -0.002208
-3.75 -1.50 -0.003828
-3.50 -1.50 -0.005910
-3.25 -1.50 -0.008312
-3.00 -1.50 -0.010739
-2.75 -1.50 -0.012741
-2.50 -1.50 -0.013744
-2.25 -1.50 -0.013135
-2.00 -1.50 -0.010387
-1.75 -1.50 -0.005202
-1.50 -1.50 0.002364
-1.25 -1.50 0.011815
-1.00 -1.50 0.022235
-0.75 -1.50 0.032389
-0.50 -1.50 0.040924
-0.25 -1.50 0.046617
0.00 -1.50 0.048617
0.25 -1.50 0.046617
0.50 -1.50 0.040924
0.75 -1.50 0.032389
1.00 -1.50 0.022235
1.25 -1.50 0.011815
1.50 -1.50 0.002364
1.75 -1.50 -0.005202
2.00 -1.50 -0.010387
2.25 -1.50 -0.013135
2.50 -1.50 -0.013744
2.75 -1.50 -0.012741
3.00 -1.50 -0.010739
3.25 -1.50 -0.008312
3.50 -1.50 -0.005910
3.75 -1.50 -0.003828
4.00 -1.50 -0.002208
4.25 -1.50 -0.001069
4.50 -1.50 -0.000351
4.75 -1.50 0.000043
5.00 -1.50 0.000214

-5.00 -1.25 0.001069
-4.75 -1.25 0.000213
-4.50 -1.25 -0.001753
-4.25 -1.25 -0.005342
-4.00 -1.25 -0.011038
-3.75 -1.25 -0.019138
-3.50 -1.25 -0.029543
-3.25 -1.25 -0.041549
-3.00 -1.25 -0.053684
-2.75 -1.25 -0.063691
-2.50 -1.25 -0.068703
-2.25 -1.25 -0.065660
-2.00 -1.25 -0.051925
-1.75 -1.25 -0.026002
-1.50 -1.25 0.011815
-1.25 -1.25 0.059063
-1.00 -1.25 0.111151
-0.75 -1.25 0.161908
-0.50 -1.25 0.204574
-0.25 -1.25 0.233033
0.00 -1.25 0.243029
0.25 -1.25 0.233033
0.50 -1.25 0.204574
0.75 -1.25 0.161908
1.00 -1.25 0.111151
1.25 -1.25 0.059063
1.50 -1.25 0.011815
1.75 -1.25 -0.026002
2.00 -1.25 -0.051925
2.25 -1.25 -0.065660
2.50 -1.25 -0.068703
2.75 -1.25 -0.063691
3.00 -1.25 -0.053684
3.25 -1.25 -0.041549
3.50 -1.25 -0.029543
3.75 -1.25 -0.019138
4.00 -1.25 -0.011038
4.25 -1.25 -0.005342
4.50 -1.25 -0.001753
4.75 -1.25 0.000213
5.00 -1.25 0.001069

-5.00 -1.00 0.002011
-4.75 -1.00 0.000400
-4.50 -1.00 -0.003299
-4.25 -1.00 -0.010052
-4.00 -1.00 -0.020772
-3.75 -1.00 -0.036015
-3.50 -1.00 -0.055598
-3.25 -1.00 -0.078191
-3.00 -1.00 -0.101029
-2.75 -1.00 -0.119861
-2.50 -1.00 -0.129293
-2.25 -1.00 -0.123566
-2.00 -1.00 -0.097717
-1.75 -1.00 -0.048933
-1.50 -1.00 0.022235
-1.25 -1.00 0.111151
-1.00 -1.00 0.209175
-0.75 -1.00 0.304695
-0.50 -1.00 0.384988
-0.25 -1.00 0.438546
0.00 -1.00 0.457356
0.25 -1.00 0.438546
0.50 -1.00 0.384988
0.75 -1.00 0.304695
1.00 -1.00 0.209175
1.25 -1.00 0.111151
1.50 -1.00 0.022235
1.75 -1.00 -0.048933
2.00 -1.00 -0.097717
2.25 -1.00 -0.123566
2.50 -1.00 -0.129293
2.75 -1.00 -0.119861
3.00 -1.00 -0.101029
3.25 -1.00 -0.078191
3.50 -1.00 -0.055598
3.75 -1.00 -0.036015
4.00 -1.00 -0.020772
4.25 -1.00 -0.010052
4.50 -1.00 -0.003299
4.75 -1.00 0.000400
5.00 -1.00 0.002011

-5.00 -0.75 0.002930
-4.75 -0.75 0.000583
-4.50 -0.75 -0.004805
-4.25 -0.75 -0.014643
-4.00 -0.75 -0.030258
-3.75 -0.75 -0.052462
-3.50 -0.75 -0.080987
-3.25 -0.75 -0.113898
-3.00 -0.75 -0.147164
-2.75 -0.75 -0.174596
-2.50 -0.75 -0.188335
-2.25 -0.75 -0.179993
-2.00 -0.75 -0.142340
-1.75 -0.75 -0.071279
-1.50 -0.75 0.032389
-1.25 -0.75 0.161908
-1.00 -0.75 0.304695
-0.75 -0.75 0.443836
-0.50 -0.75 0.560794
-0.25 -0.75 0.638810
0.00 -0.75 0.666210
0.25 -0.75 0.638810
0.50 -0.75 0.560794
0.75 -0.75 0.443836
1.00 -0.75 0.304695
1.25 -0.75 0.161908
1.50 -0.75 0.032389
1.75 -0.75 -0.071279
2.00 -0.75 -0.142340
2.25 -0.75 -0.179993
2.50 -0.75 -0.188335
2.75 -0.75 -0.174596
3.00 -0.75 -0.147164
3.25 -0.75 -0.113898
3.50 -0.75 -0.080987
3.75 -0.75 -0.052462
4.00 -0.75 -0.030258
4.25 -0.75 -0.014643
4.50 -0.75 -0.004805
4.75 -0.75 0.000583
5.00 -0.75 0.002930

-5.00 -0.50 0.003702
-4.75 -0.50 0.000737
-4.50 -0.50 -0.006072
-4.25 -0.50 -0.018501
-4.00 -0.50 -0.038231
-3.75 -0.50 -0.066286
-3.50 -0.50 -0.102328
-3.25 -0.50 -0.143912
-3.00 -0.50 -0.185944
-2.75 -0.50 -0.220605
-2.50 -0.50 -0.237965
-2.25 -0.50 -0.227424
-2.00 -0.50 -0.179850
-1.75 -0.50 -0.090062
-1.50 -0.50 0.040924
-1.25 -0.50 0.204574
-1.00 -0.50 0.384988
-0.75 -0.50 0.560794
-0.50 -0.50 0.708573
-0.25 -0.50 0.807148
0.00 -0.50 0.841768
0.25 -0.50 0.807148
0.50 -0.50 0.708573
0.75 -0.50 0.560794
1.00 -0.50 0.384988
1.25 -0.50 0.204574
1.50 -0.50 0.040924
1.75 -0.50 -0.090062
2.00 -0.50 -0.179850
2.25 -0.50 -0.227424
2.50 -0.50 -0.237965
2.75 -0.50 -0.220605
3.00 -0.50 -0.185944
3.25 -0.50 -0.143912
3.50 -0.50 -0.102328
3.75 -0.50 -0.066286
4.00 -0.50 -0.038231
4.25 -0.50 -0.018501
4.50 -0.50 -0.006072
4.75 -0.50 0.000737
5.00 -0.50 0.003702

-5.00 -0.25 0.004217
-4.75 -0.25 0.000839
-4.50 -0.25 -0.006916
-4.25 -0.25 -0.021075
-4.00 -0.25 -0.043549
-3.75 -0.25 -0.075508
-3.50 -0.25 -0.116564
-3.25 -0.25 -0.163932
-3.00 -0.25 -0.211812
-2.75 -0.25 -0.251294
-2.50 -0.25 -0.271070
-2.25 -0.25 -0.259062
-2.00 -0.25 -0.204870
-1.75 -0.25 -0.102591
-1.50 -0.25 0.046617
-1.25 -0.25 0.233033
-1.00 -0.25 0.438546
-0.75 -0.25 0.638810
-0.50 -0.25 0.807148
-0.25 -0.25 0.919435
0.00 -0.25 0.958872
0.25 -0.25 0.919435
0.50 -0.25 0.807148
0.75 -0.25 0.638810
1.00 -0.25 0.438546
1.25 -0.25 0.233033
1.50 -0.25 0.046617
1.75 -0.25 -0.102591
2.00 -0.25 -0.204870
2.25 -0.25 -0.259062
2.50 -0.25 -0.271070
2.75 -0.25 -0.251294
3.00 -0.25 -0.211812
3.25 -0.25 -0.163932
3.50 -0.25 -0.116564
3.75 -0.25 -0.075508
4.00 -0.25 -0.043549
4.25 -0.25 -0.021075
4.50 -0.25 -0.006916
4.75 -0.25 0.000839
5.00 -0.25 0.004217

-5.00 0.00 0.004398
-4.75 0.00 0.000875
-4.50 0.00 -0.007213
-4.25 0.00 -0.021979
-4.00 0.00 -0.045417
-3.75 0.00 -0.078747
-3.50 0.00 -0.121563
-3.25 0.00 -0.170964
-3.00 0.00 -0.220897
-2.75 0.00 -0.262073
-2.50 0.00 -0.282696
-2.25 0.00 -0.270174
-2.00 0.00 -0.213657
-1.75 0.00 -0.106991
-1.50 0.00 0.048617
-1.25 0.00 0.243029
-1.00 0.00 0.457356
-0.75 0.00 0.666210
-0.50 0.00 0.841768
-0.25 0.00 0.958872
0.00 0.00 1.000000
0.25 0.00 0.958872
0.50 0.00 0.841768
0.75 0.00 0.666210
1.00 0.00 0.457356
1.25 0.00 0.243029
1.50 0.00 0.048617
1.75 0.00 -0.106991
2.00 0.00 -0.213657
2.25 0.00 -0.270174
2.50 0.00 -0.282696
2.75 0.00 -0.262073
3.00 0.00 -0.220897
3.25 0.00 -0.170964
3.50 0.00 -0.121563
3.75 0.00 -0.078747
4.00 0.00 -0.045417
4.25 0.00 -0.021979
4.50 0.00 -0.007213
4.75 0.00 0.000875
5.00 0.00 0.004398

-5.00 0.25 0.004217
-4.75 0.25 0.000839
-4.50 0.25 -0.006916
-4.25 0.25 -0.021075
-4.00 0.25 -0.043549
-3.75 0.25 -0.075508
-3.50 0.25 -0.116564
-3.25 0.25 -0.163932
-3.00 0.25 -0.211812
-2.75 0.25 -0.251294
-2.50 0.25 -0.271070
-2.25 0.25 -0.259062
-2.00 0.25 -0.204870
-1.75 0.25 -0.102591
-1.50 0.25 0.046617
-1.25 0.25 0.233033
-1.00 0.25 0.438546
-0.75 0.25 0.638810
-0.50 0.25 0.807148
-0.25 0.25 0.919435
0.00 0.25 0.958872
0.25 0.25 0.919435
0.50 0.25 0.807148
0.75 0.25 0.638810
1.00 0.25 0.438546
1.25 0.25 0.233033
1.50 0.25 0.046617
1.75 0.25 -0.102591
2.00 0.25 -0.204870
2.25 0.25 -0.259062
2.50 0.25 -0.271070
2.75 0.25 -0.251294
3.00 0.25 -0.211812
3.25 0.25 -0.163932
3.50 0.25 -0.116564
3.75 0.25 -0.075508
4.00 0.25 -0.043549
4.25 0.25 -0.021075
4.50 0.25 -0.006916
4.75 0.25 0.000839
5.00 0.25 0.004217

-5.00 0.50 0.003702
-4.75 0.50 0.000737
-4.50 0.50 -0.006072
-4.25 0.50 -0.018501
-4.00 0.50 -0.038231
-3.75 0.50 -0.066286
-3.50 0.50 -0.102328
-3.25 0.50 -0.143912
-3.00 0.50 -0.185944
-2.75 0.50 -0.220605
-2.50 0.50 -0.237965
-2.25 0.50 -0.227424
-2.00 0.50 -0.179850
-1.75 0.50 -0.090062
-1.50 0.50 0.040924
-1.25 0.50 0.204574
-1.00 0.50 0.384988
-0.75 0.50 0.560794
-0.50 0.50 0.708573
-0.25 0.50 0.807148
0.00 0.50 0.841768
0.25 0.50 0.807148
0.50 0.50 0.708573
0.75 0.50 0.560794
1.00 0.50 0.384988
1.25 0.50 0.204574
1.50 0.50 0.040924
1.75 0.50 -0.090062
2.00 0.50 -0.179850
2.25 0.50 -0.227424
2.50 0.50 -0.237965
2.75 0.50 -0.220605
3.00 0.50 -0.185944
3.25 0.50 -0.143912
3.50 0.50 -0.102328
3.75 0.50 -0.066286
4.00 0.50 -0.038231
4.25 0.50 -0.018501
4.50 0.50 -0.006072
4.75 0.50 0.000737
5.00 0.50 0.003702

-5.00 0.75 0.002930
-4.75 0.75 0.000583
-4.50 0.75 -0.004805
-4.25 0.75 -0.014643
-4.00 0.75 -0.030258
-3.75 0.75 -0.052462
-3.50 0.75 -0.080987
-3.25 0.75 -0.113898
-3.00 0.75 -0.147164
-2.75 0.75 -0.174596
-2.50 0.75 -0.188335
-2.25 0.75 -0.179993
-2.00 0.75 -0.142340
-1.75 0.75 -0.071279
-1.50 0.75 0.032389
-1.25 0.75 0.161908
-1.00 0.75 0.304695
-0.75 0.75 0.443836
-0.50 0.75 0.560794
-0.25 0.75 0.638810
0.00 0.75 0.666210
0.25 0.75 0.638810
0.50 0.75 0.560794
0.75 0.75 0.443836
1.00 0.75 0.304695
1.25 0.75 0.161908
1.50 0.75 0.032389
1.75 0.75 -0.071279
2.00 0.75 -0.142340
2.25 0.75 -0.179993
2.50 0.75 -0.188335
2.75 0.75 -0.174596
3.00 0.75 -0.147164
3.25 0.75 -0.113898
3.50 0.75 -0.080987
3.75 0.75 -0.052462
4.00 0.75 -0.030258
4.25 0.75 -0.014643
4.50 0.75 -0.004805
4.75 0.75 0.000583
5.00 0.75 0.002930

-5.00 1.00 0.002011
-4.75 1.00 0.000400
-4.50 1.00 -0.003299
-4.25 1.00 -0.010052
-4.00 1.00 -0.020772
-3.75 1.00 -0.036015
-3.50 1.00 -0.055598
-3.25 1.00 -0.078191
-3.00 1.00 -0.101029
-2.75 1.00 -0.119861
-2.50 1.00 -0.129293
-2.25 1.00 -0.123566
-2.00 1.00 -0.097717
-1.75 1.00 -0.048933
-1.50 1.00 0.022235
-1.25 1.00 0.111151
-1.00 1.00 0.209175
-0.75 1.00 0.304695
-0.50 1.00 0.384988
-0.25 1.00 0.438546
0.00 1.00 0.457356
0.25 1.00 0.438546
0.50 1.00 0.384988
0.75 1.00 0.304695
1.00 1.00 0.209175
1.25 1.00 0.111151
1.50 1.00 0.022235
1.75 1.00 -0.048933
2.00 1.00 -0.097717
2.25 1.00 -0.123566
2.50 1.00 -0.129293
2.75 1.00 -0.119861
3.00 1.00 -0.101029
3.25 1.00 -0.078191
3.50 1.00 -0.055598
3.75 1.00 -0.036015
4.00 1.00 -0.020772
4.25 1.00 -0.010052
4.50 1.00 -0.003299
4.75 1.00 0.000400
5.00 1.00 0.002011

-5.00 1.25 0.001069
-4.75 1.25 0.000213
-4.50 1.25 -0.001753
-4.25 1.25 -0.005342
-4.00 1.25 -0.011038
-3.75 1.25 -0.019138
-3.50 1.25 -0.029543
-3.25 1.25 -0.041549
-3.00 1.25 -0.053684
-2.75 1.25 -0.063691
-2.50 1.25 -0.068703
-2.25 1.25 -0.065660
-2.00 1.25 -0.051925
-1.75 1.25 -0.026002
-1.50 1.25 0.011815
-1.25 1.25 0.059063
-1.00 1.25 0.111151
-0.75 1.25 0.161908
-0.50 1.25 0.204574
-0.25 1.25 0.233033
0.00 1.25 0.243029
0.25 1.25 0.233033
0.50 1.25 0.204574
0.75 1.25 0.161908
1.00 1.25 0.111151
1.25 1.25 0.059063
1.50 1.25 0.011815
1.75 1.25 -0.026002
2.00 1.25 -0.051925
2.25 1.25 -0.065660
2.50 1.25 -0.068703
2.75 1.25 -0.063691
3.00 1.25 -0.053684
3.25 1.25 -0.041549
3.50 1.25 -0.029543
3.75 1.25 -0.019138
4.00 1.25 -0.011038
4.25 1.25 -0.005342
4.50 1.25 -0.001753
4.75 1.25 0.000213
5.00 1.25 0.001069

-5.00 1.50 0.000214
-4.75 1.50 0.000043
-4.50 1.50 -0.000351
-4.25 1.50 -0.001069
-4.00 1.50 -0.002208
-3.75 1.50 -0.003828
-3.50 1.50 -0.005910
-3.25 1.50 -0.008312
-3.00 1.50 -0.010739
-2.75 1.50 -0.012741
-2.50 1.50 -0.013744
-2.25 1.50 -0.013135
-2.00 1.50 -0.010387
-1.75 1.50 -0.005202
-1.50 1.50 0.002364
-1.25 1.50 0.011815
-1.00 1.50 0.022235
-0.75 1.50 0.032389
-0.50 1.50 0.040924
-0.25 1.50 0.046617
0.00 1.50 0.048617
0.25 1.50 0.046617
0.50 1.50 0.040924
0.75 1.50 0.032389
1.00 1.50 0.022235
1.25 1.50 0.011815
1.50 1.50 0.002364
1.75 1.50 -0.005202
2.00 1.50 -0.010387
2.25 1.50 -0.013135
2.50 1.50 -0.013744
2.75 1.50 -0.012741
3.00 1.50 -0.010739
3.25 1.50 -0.008312
3.50 1.50 -0.005910
3.75 1.50 -0.003828
4.00 1.50 -0.002208
4.25 1.50 -0.001069
4.50 1.50 -0.000351
4.75 1.50 0.000043
5.00 1.50 0.000214

-5.00 1.75 -0.000471
-4.75 1.75 -0.000094
-4.50 1.75 0.000772
-4.25 1.75 0.002352
-4.00 1.75 0.004859
-3.75 1.75 0.008425
-3.50 1.75 0.013006
-3.25 1.75 0.018292
-3.00 1.75 0.023634
-2.75 1.75 0.028040
-2.50 1.75 0.030246
-2.25 1.75 0.028906
-2.00 1.75 0.022859
-1.75 1.75 0.011447
-1.50 1.75 -0.005202
-1.25 1.75 -0.026002
-1.00 1.75 -0.048933
-0.75 1.75 -0.071279
-0.50 1.75 -0.090062
-0.25 1.75 -0.102591
0.00 1.75 -0.106991
0.25 1.75 -0.102591
0.50 1.75 -0.090062
0.75 1.75 -0.071279
1.00 1.75 -0.048933
1.25 1.75 -0.026002
1.50 1.75 -0.005202
1.75 1.75 0.011447
2.00 1.75 0.022859
2.25 1.75 0.028906
2.50 1.75 0.030246
2.75 1.75 0.028040
3.00 1.75 0.023634
3.25 1.75 0.018292
3.50 1.75 0.013006
3.75 1.75 0.008425
4.00 1.75 0.004859
4.25 1.75 0.002352
4.50 1.75 0.000772
4.75 1.75 -0.000094
5.00 1.75 -0.000471

-5.00 2.00 -0.000940
-4.75 2.00 -0.000187
-4.50 2.00 0.001541
-4.25 2.00 0.004696
-4.00 2.00 0.009704
-3.75 2.00 0.016825
-3.50 2.00 0.025973
-3.25 2.00 0.036528
-3.00 2.00 0.047196
-2.75 2.00 0.055994
-2.50 2.00 0.060400
-2.25 2.00 0.057725
-2.00 2.00 0.045649
-1.75 2.00 0.022859
-1.50 2.00 -0.010387
-1.25 2.00 -0.051925
-1.00 2.00 -0.097717
-0.75 2.00 -0.142340
-0.50 2.00 -0.179850
-0.25 2.00 -0.204870
0.00 2.00 -0.213657
0.25 2.00 -0.204870
0.50 2.00 -0.179850
0.75 2.00 -0.142340
1.00 2.00 -0.097717
1.25 2.00 -0.051925
1.50 2.00 -0.010387
1.75 2.00 0.022859
2.00 2.00 0.045649
2.25 2.00 0.057725
2.50 2.00 0.060400
2.75 2.00 0.055994
3.00 2.00 0.047196
3.25 2.00 0.036528
3.50 2.00 0.025973
3.75 2.00 0.016825
4.00 2.00 0.009704
4.25 2.00 0.004696
4.50 2.00 0.001541
4.75 2.00 -0.000187
5.00 2.00 -0.000940

-5.00 2.25 -0.001188
-4.75 2.25 -0.000236
-4.50 2.25 0.001949
-4.25 2.25 0.005938
-4.00 2.25 0.012271
-3.75 2.25 0.021275
-3.50 2.25 0.032843
-3.25 2.25 0.046190
-3.00 2.25 0.059681
-2.75 2.25 0.070805
-2.50 2.25 0.076377
-2.25 2.25 0.072994
-2.00 2.25 0.057725
-1.75 2.25 0.028906
-1.50 2.25 -0.013135
-1.25 2.25 -0.065660
-1.00 2.25 -0.123566
-0.75 2.25 -0.179993
-0.50 2.25 -0.227424
-0.25 2.25 -0.259062
0.00 2.25 -0.270174
0.25 2.25 -0.259062
0.50 2.25 -0.227424
0.75 2.25 -0.179993
1.00 2.25 -0.123566
1.25 2.25 -0.065660
1.50 2.25 -0.013135
1.75 2.25 0.028906
2.00 2.25 0.057725
2.25 2.25 0.072994
2.50 2.25 0.076377
2.75 2.25 0.070805
3.00 2.25 0.059681
3.25 2.25 0.046190
3.50 2.25 0.032843
3.75 2.25 0.021275
4.00 2.25 0.012271
4.25 2.25 0.005938
4.50 2.25 0.001949
4.75 2.25 -0.000236
5.00 2.25 -0.001188

-5.00 2.50 -0.001243
-4.75 2.50 -0.000247
-4.50 2.50 0.002039
-4.25 2.50 0.006213
-4.00 2.50 0.012839
-3.75 2.50 0.022261
-3.50 2.50 0.034366
-3.25 2.50 0.048331
-3.00 2.50 0.062447
-2.75 2.50 0.074087
-2.50 2.50 0.079917
-2.25 2.50 0.076377
-2.00 2.50 0.060400
-1.75 2.50 0.030246
-1.50 2.50 -0.013744
-1.25 2.50 -0.068703
-1.00 2.50 -0.129293
-0.75 2.50 -0.188335
-0.50 2.50 -0.237965
-0.25 2.50 -0.271070
0.00 2.50 -0.282696
0.25 2.50 -0.271070
0.50 2.50 -0.237965
0.75 2.50 -0.188335
1.00 2.50 -0.129293
1.25 2.50 -0.068703
1.50 2.50 -0.013744
1.75 2.50 0.030246
2.00 2.50 0.060400
2.25 2.50 0.076377
2.50 2.50 0.079917
2.75 2.50 0.074087
3.00 2.50 0.062447
3.25 2.50 0.048331
3.50 2.50 0.034366
3.75 2.50 0.022261
4.00 2.50 0.012839
4.25 2.50 0.006213
4.50 2.50 0.002039
4.75 2.50 -0.000247
5.00 2.50 -0.001243

-5.00 2.75 -0.001153
-4.75 2.75 -0.000229
-4.50 2.75 0.001890
-4.25 2.75 0.005760
-4.00 2.75 0.011903
-3.75 2.75 0.020637
-3.50 2.75 0.031858
-3.25 2.75 0.044805
-3.00 2.75 0.057891
-2.75 2.75 0.068682
-2.50 2.75 0.074087
-2.25 2.75 0.070805
-2.00 2.75 0.055994
-1.75 2.75 0.028040
-1.50 2.75 -0.012741
-1.25 2.75 -0.063691
-1.00 2.75 -0.119861
-0.75 2.75 -0.174596
-0.50 2.75 -0.220605
-0.25 2.75 -0.251294
0.00 2.75 -0.262073
0.25 2.75 -0.251294
0.50 2.75 -0.220605
0.75 2.75 -0.174596
1.00 2.75 -0.119861
1.25 2.75 -0.063691
1.50 2.75 -0.012741
1.75 2.75 0.028040
2.00 2.75 0.055994
2.25 2.75 0.070805
2.50 2.75 0.074087
2.75 2.75 0.068682
3.00 2.75 0.057891
3.25 2.75 0.044805
3.50 2.75 0.031858
3.75 2.75 0.020637
4.00 2.75 0.011903
4.25 2.75 0.005760
4.50 2.75 0.001890
4.75 2.75 -0.000229
5.00 2.75 -0.001153

-5.00 3.00 -0.000971
-4.75 3.00 -0.000193
-4.50 3.00 0.001593
-4.25 3.00 0.004855
-4.00 3.00 0.010033
-3.75 3.00 0.017395
-3.50 3.00 0.026853
-3.25 3.00 0.037765
-3.00 3.00 0.048796
-2.75 3.00 0.057891
-2.50 3.00 0.062447
-2.25 3.00 0.059681
-2.00 3.00 0.047196
-1.75 3.00 0.023634
-1.50 3.00 -0.010739
-1.25 3.00 -0.053684
-1.00 3.00 -0.101029
-0.75 3.00 -0.147164
-0.50 3.00 -0.185944
-0.25 3.00 -0.211812
0.00 3.00 -0.220897
0.25 3.00 -0.211812
0.50 3.00 -0.185944
0.75 3.00 -0.147164
1.00 3.00 -0.101029
1.25 3.00 -0.053684
1.50 3.00 -0.010739
1.75 3.00 0.023634
2.00 3.00 0.047196
2.25 3.00 0.059681
2.50 3.00 0.062447
2.75 3.00 0.057891
3.00 3.00 0.048796
3.25 3.00 0.037765
3.50 3.00 0.026853
3.75 3.00 0.017395
4.00 3.00 0.010033
4.25 3.00 0.004855
4.50 3.00 0.001593
4.75 3.00 -0.000193
5.00 3.00 -0.000971

-5.00 3.25 -0.000752
-4.75 3.25 -0.000150
-4.50 3.25 0.001233
-4.25 3.25 0.003758
-4.00 3.25 0.007765
-3.75 3.25 0.013463
-3.50 3.25 0.020783
-3.25 3.25 0.029229
-3.00 3.25 0.037765
-2.75 3.25 0.044805
-2.50 3.25 0.048331
-2.25 3.25 0.046190
-2.00 3.25 0.036528
-1.75 3.25 0.018292
-1.50 3.25 -0.008312
-1.25 3.25 -0.041549
-1.00 3.25 -0.078191
-0.75 3.25 -0.113898
-0.50 3.25 -0.143912
-0.25 3.25 -0.163932
0.00 3.25 -0.170964
0.25 3.25 -0.163932
0.50 3.25 -0.143912
0.75 3.25 -0.113898
1.00 3.25 -0.078191
1.25 3.25 -0.041549
1.50 3.25 -0.008312
1.75 3.25 0.018292
2.00 3.25 0.036528
2.25 3.25 0.046190
2.50 3.25 0.048331
2.75 3.25 0.044805
3.00 3.25 0.037765
3.25 3.25 0.029229
3.50 3.25 0.020783
3.75 3.25 0.013463
4.00 3.25 0.007765
4.25 3.25 0.003758
4.50 3.25 0.001233
4.75 3.25 -0.000150
5.00 3.25 -0.000752

-5.00 3.50 -0.000535
-4.75 3.50 -0.000106
-4.50 3.50 0.000877
-4.25 3.50 0.002672
-4.00 3.50 0.005521
-3.75 3.50 0.009573
-3.50 3.50 0.014778
-3.25 3.50 0.020783
-3.00 3.50 0.026853
-2.75 3.50 0.031858
-2.50 3.50 0.034366
-2.25 3.50 0.032843
-2.00 3.50 0.025973
-1.75 3.50 0.013006
-1.50 3.50 -0.005910
-1.25 3.50 -0.029543
-1.00 3.50 -0.055598
-0.75 3.50 -0.080987
-0.50 3.50 -0.102328
-0.25 3.50 -0.116564
0.00 3.50 -0.121563
0.25 3.50 -0.116564
0.50 3.50 -0.102328
0.75 3.50 -0.080987
1.00 3.50 -0.055598
1.25 3.50 -0.029543
1.50 3.50 -0.005910
1.75 3.50 0.013006
2.00 3.50 0.025973
2.25 3.50 0.032843
2.50 3.50 0.034366
2.75 3.50 0.031858
3.00 3.50 0.026853
3.25 3.50 0.020783
3.50 3.50 0.014778
3.75 3.50 0.009573
4.00 3.50 0.005521
4.25 3.50 0.002672
4.50 3.50 0.000877
4.75 3.50 -0.000106
5.00 3.50 -0.000535

-5.00 3.75 -0.000346
-4.75 3.75 -0.000069
-4.50 3.75 0.000568
-4.25 3.75 0.001731
-4.00 3.75 0.003576
-3.75 3.75 0.006201
-3.50 3.75 0.009573
-3.25 3.75 0.013463
-3.00 3.75 0.017395
-2.75 3.75 0.020637
-2.50 3.75 0.022261
-2.25 3.75 0.021275
-2.00 3.75 0.016825
-1.75 3.75 0.008425
-1.50 3.75 -0.003828
-1.25 3.75 -0.019138
-1.00 3.75 -0.036015
-0.75 3.75 -0.052462
-0.50 3.75 -0.066286
-0.25 3.75 -0.075508
0.00 3.75 -0.078747
0.25 3.75 -0.075508
0.50 3.75 -0.066286
0.75 3.75 -0.052462
1.00 3.75 -0.036015
1.25 3.75 -0.019138
1.50 3.75 -0.003828
1.75 3.75 0.008425
2.00 3.75 0.016825
2.25 3.75 0.021275
2.50 3.75 0.022261
2.75 3.75 0.020637
3.00 3.75 0.017395
3.25 3.75 0.013463
3.50 3.75 0.009573
3.75 3.75 0.006201
4.00 3.75 0.003576
4.25 3.75 0.001731
4.50 3.75 0.000568
4.75 3.75 -0.000069
5.00 3.75 -0.000346
