# x y u v: potential flow past a unit cylinder (velocity scaled by 0.3)
 -3.00  -2.25  0.2940 -0.0205
 -3.00  -1.50  0.2840 -0.0213
 -3.00  -0.75  0.2723 -0.0148
 -3.00   0.00  0.2667  0.0000
 -3.00   0.75  0.2723  0.0148
 -3.00   1.50  0.2840  0.0213
 -3.00   2.25  0.2940  0.0205
 -2.25  -2.25  0.3000 -0.0296
 -2.25  -1.50  0.2842 -0.0379
 -2.25  -0.75  0.2573 -0.0320
 -2.25   0.00  0.2407  0.0000
 -2.25   0.75  0.2573  0.0320
 -2.25   1.50  0.2842  0.0379
 -2.25   2.25  0.3000  0.0296
 -1.50  -2.25  0.3158 -0.0379
 -1.50  -1.50  0.3000 -0.0667
 -1.50  -0.75  0.2360 -0.0853
 -1.50   0.00  0.1667  0.0000
 -1.50   0.75  0.2360  0.0853
 -1.50   1.50  0.3000  0.0667
 -1.50   2.25  0.3158  0.0379
 -0.75  -2.25  0.3427 -0.0320
 -0.75  -1.50  0.3640 -0.0853
 -0.75  -0.75  0.3000 -0.2667
 -0.75   0.75  0.3000  0.2667
 -0.75   1.50  0.3640  0.0853
 -0.75   2.25  0.3427  0.0320
  0.00  -2.25  0.3593  0.0000
  0.00  -1.50  0.4333  0.0000
  0.00   1.50  0.4333 -0.0000
  0.00   2.25  0.3593 -0.0000
  0.75  -2.25  0.3427  0.0320
  0.75  -1.50  0.3640  0.0853
  0.75  -0.75  0.3000  0.2667
  0.75   0.75  0.3000 -0.2667
  0.75   1.50  0.3640 -0.0853
  0.75   2.25  0.3427 -0.0320
  1.50  -2.25  0.3158  0.0379
  1.50  -1.50  0.3000  0.0667
  1.50  -0.75  0.2360  0.0853
  1.50   0.00  0.1667 -0.0000
  1.50   0.75  0.2360 -0.0853
  1.50   1.50  0.3000 -0.0667
  1.50   2.25  0.3158 -0.0379
  2.25  -2.25  0.3000  0.0296
  2.25  -1.50  0.2842  0.0379
  2.25  -0.75  0.2573  0.0320
  2.25   0.00  0.2407 -0.0000
  2.25   0.75  0.2573 -0.0320
  2.25   1.50  0.2842 -0.0379
  2.25   2.25  0.3000 -0.0296
  3.00  -2.25  0.2940  0.0205
  3.00  -1.50  0.2840  0.0213
  3.00  -0.75  0.2723  0.0148
  3.00   0.00  0.2667 -0.0000
  3.00   0.75  0.2723 -0.0148
  3.00   1.50  0.2840 -0.0213
  3.00   2.25  0.2940 -0.0205
