# frequency [Hz]  amplitude: the spectrum of the lift coefficient
   2.5  0.0818
   5.0  0.0530
   7.5  0.0979
  10.0  0.0932
  12.5  0.1352
  15.0  0.1756
  17.5  0.2553
  20.0  0.4366
  22.5  0.7428
  25.0  1.0524
  27.5  0.7316
  30.0  0.4462
  32.5  0.2339
  35.0  0.1950
  37.5  0.1213
  40.0  0.1236
  42.5  0.0961
  45.0  0.0980
  47.5  0.1020
  50.0  0.1010
  52.5  0.1490
  55.0  0.1910
  57.5  0.4183
  60.0  0.6149
  62.5  0.4152
  65.0  0.1795
  67.5  0.1386
  70.0  0.0803
  72.5  0.0808
  75.0  0.0629
  77.5  0.0554
  80.0  0.0603
  82.5  0.0370
  85.0  0.0604
  87.5  0.0206
  90.0  0.0596
  92.5  0.0120
  95.0  0.0567
  97.5  0.0229
 100.0  0.0511
