# x y r g b: a 24 x 16 colour wheel, components 0-255
0 0 20 118 236
1 0 21 106 224
2 0 23 94 212
3 0 25 82 201
4 0 28 71 189
5 0 31 60 179
6 0 34 50 168
7 0 38 40 159
8 0 43 32 150
9 0 49 24 142
10 0 55 17 135
11 0 63 11 129
12 0 73 7 125
13 0 83 3 121
14 0 94 1 119
15 0 107 0 118
16 0 120 0 118
17 0 134 0 118
18 0 149 1 119
19 0 164 3 121
20 0 180 5 123
21 0 196 7 126
22 0 213 10 128
23 0 229 13 131
0 1 15 121 223
1 1 16 108 211
2 1 18 96 199
3 1 20 84 187
4 1 22 73 175
5 1 24 62 164
6 1 27 51 153
7 1 31 41 143
8 1 35 31 134
9 1 40 23 126
10 1 47 16 118
11 1 54 10 112
12 1 63 5 108
13 1 74 2 105
14 1 86 0 103
15 1 99 0 102
16 1 112 0 102
17 1 127 1 103
18 1 142 2 105
19 1 158 4 107
20 1 174 7 110
21 1 191 10 112
22 1 208 13 115
23 1 225 16 119
0 2 11 125 211
1 2 12 112 199
2 2 13 99 186
3 2 14 87 174
4 2 16 75 162
5 2 18 63 150
6 2 20 52 139
7 2 23 41 128
8 2 27 31 118
9 2 32 23 109
10 2 38 15 102
11 2 45 9 95
12 2 54 4 91
13 2 65 1 88
14 2 77 0 87
15 2 91 0 86
16 2 105 0 87
17 2 120 2 89
18 2 136 4 91
19 2 153 7 93
20 2 169 10 96
21 2 186 13 100
22 2 203 16 103
23 2 220 20 107
0 3 7 129 200
1 3 8 116 187
2 3 9 103 174
3 3 10 90 161
4 3 11 78 149
5 3 12 66 137
6 3 14 54 125
7 3 16 42 113
8 3 20 32 103
9 3 24 22 93
10 3 29 14 85
11 3 36 8 79
12 3 45 3 74
13 3 56 0 71
14 3 69 0 71
15 3 83 0 71
16 3 98 1 72
17 3 114 4 75
18 3 131 6 77
19 3 147 10 81
20 3 165 13 84
21 3 182 17 88
22 3 199 20 91
23 3 217 24 95
0 4 4 134 189
1 4 5 120 176
2 4 5 107 163
3 4 6 94 150
4 4 7 81 137
5 4 8 69 124
6 4 9 56 112
7 4 10 44 100
8 4 13 33 88
9 4 16 22 78
10 4 21 13 69
11 4 27 6 62
12 4 36 2 57
13 4 48 0 55
14 4 61 0 55
15 4 76 1 56
16 4 92 3 59
17 4 109 6 61
18 4 126 10 65
19 4 143 13 68
20 4 161 17 72
21 4 178 21 76
22 4 196 25 80
23 4 214 29 84
0 5 2 139 179
1 5 2 126 165
2 5 2 112 152
3 5 3 99 139
4 5 3 86 125
5 5 4 73 112
6 5 4 60 99
7 5 5 47 87
8 5 7 35 74
9 5 9 23 63
10 5 12 13 53
11 5 18 5 45
12 5 27 1 40
13 5 40 0 39
14 5 54 1 40
15 5 71 3 42
16 5 87 6 46
17 5 105 10 49
18 5 122 14 53
19 5 140 18 57
20 5 158 22 61
21 5 175 26 65
22 5 193 30 70
23 5 211 35 74
0 6 0 146 169
1 6 0 132 156
2 6 1 118 142
3 6 1 105 129
4 6 1 91 115
5 6 1 78 102
6 6 1 65 88
7 6 2 51 75
8 6 2 38 62
9 6 3 26 49
10 6 5 14 37
11 6 9 4 28
12 6 18 0 23
13 6 32 0 24
14 6 49 3 27
15 6 66 6 30
16 6 84 10 34
17 6 102 15 38
18 6 119 19 43
19 6 137 23 47
20 6 156 28 51
21 6 174 32 56
22 6 192 36 60
23 6 210 41 65
0 7 0 153 161
1 7 0 139 147
2 7 0 125 133
3 7 0 112 120
4 7 0 98 106
5 7 0 85 92
6 7 0 71 79
7 7 0 57 65
8 7 0 44 52
9 7 0 30 38
10 7 0 17 25
11 7 1 4 12
12 7 10 0 8
13 7 28 3 11
14 7 45 7 15
15 7 64 12 20
16 7 82 16 24
17 7 100 21 29
18 7 118 25 33
19 7 136 30 38
20 7 154 34 42
21 7 173 39 47
22 7 191 44 51
23 7 209 48 56
0 8 0 161 153
1 8 0 147 139
2 8 0 133 125
3 8 0 120 112
4 8 0 106 98
5 8 0 92 85
6 8 0 79 71
7 8 0 65 57
8 8 0 52 44
9 8 0 38 30
10 8 0 25 17
11 8 1 12 4
12 8 10 8 0
13 8 28 11 3
14 8 45 15 7
15 8 64 20 12
16 8 82 24 16
17 8 100 29 21
18 8 118 33 25
19 8 136 38 30
20 8 154 42 34
21 8 173 47 39
22 8 191 51 44
23 8 209 56 48
0 9 0 169 146
1 9 0 156 132
2 9 1 142 118
3 9 1 129 105
4 9 1 115 91
5 9 1 102 78
6 9 1 88 65
7 9 2 75 51
8 9 2 62 38
9 9 3 49 26
10 9 5 37 14
11 9 9 28 4
12 9 18 23 0
13 9 32 24 0
14 9 49 27 3
15 9 66 30 6
16 9 84 34 10
17 9 102 38 15
18 9 119 43 19
19 9 137 47 23
20 9 156 51 28
21 9 174 56 32
22 9 192 60 36
23 9 210 65 41
0 10 2 179 139
1 10 2 165 126
2 10 2 152 112
3 10 3 139 99
4 10 3 125 86
5 10 4 112 73
6 10 4 99 60
7 10 5 87 47
8 10 7 74 35
9 10 9 63 23
10 10 12 53 13
11 10 18 45 5
12 10 27 40 1
13 10 40 39 0
14 10 54 40 1
15 10 71 42 3
16 10 87 46 6
17 10 105 49 10
18 10 122 53 14
19 10 140 57 18
20 10 158 61 22
21 10 175 65 26
22 10 193 70 30
23 10 211 74 35
0 11 4 189 134
1 11 5 176 120
2 11 5 163 107
3 11 6 150 94
4 11 7 137 81
5 11 8 124 69
6 11 9 112 56
7 11 10 100 44
8 11 13 88 33
9 11 16 78 22
10 11 21 69 13
11 11 27 62 6
12 11 36 57 2
13 11 48 55 0
14 11 61 55 0
15 11 76 56 1
16 11 92 59 3
17 11 109 61 6
18 11 126 65 10
19 11 143 68 13
20 11 161 72 17
21 11 178 76 21
22 11 196 80 25
23 11 214 84 29
0 12 7 200 129
1 12 8 187 116
2 12 9 174 103
3 12 10 161 90
4 12 11 149 78
5 12 12 137 66
6 12 14 125 54
7 12 16 113 42
8 12 20 103 32
9 12 24 93 22
10 12 29 85 14
11 12 36 79 8
12 12 45 74 3
13 12 56 71 0
14 12 69 71 0
15 12 83 71 0
16 12 98 72 1
17 12 114 75 4
18 12 131 77 6
19 12 147 81 10
20 12 165 84 13
21 12 182 88 17
22 12 199 91 20
23 12 217 95 24
0 13 11 211 125
1 13 12 199 112
2 13 13 186 99
3 13 14 174 87
4 13 16 162 75
5 13 18 150 63
6 13 20 139 52
7 13 23 128 41
8 13 27 118 31
9 13 32 109 23
10 13 38 102 15
11 13 45 95 9
12 13 54 91 4
13 13 65 88 1
14 13 77 87 0
15 13 91 86 0
16 13 105 87 0
17 13 120 89 2
18 13 136 91 4
19 13 153 93 7
20 13 169 96 10
21 13 186 100 13
22 13 203 103 16
23 13 220 107 20
0 14 15 223 121
1 14 16 211 108
2 14 18 199 96
3 14 20 187 84
4 14 22 175 73
5 14 24 164 62
6 14 27 153 51
7 14 31 143 41
8 14 35 134 31
9 14 40 126 23
10 14 47 118 16
11 14 54 112 10
12 14 63 108 5
13 14 74 105 2
14 14 86 103 0
15 14 99 102 0
16 14 112 102 0
17 14 127 103 1
18 14 142 105 2
19 14 158 107 4
20 14 174 110 7
21 14 191 112 10
22 14 208 115 13
23 14 225 119 16
0 15 20 236 118
1 15 21 224 106
2 15 23 212 94
3 15 25 201 82
4 15 28 189 71
5 15 31 179 60
6 15 34 168 50
7 15 38 159 40
8 15 43 150 32
9 15 49 142 24
10 15 55 135 17
11 15 63 129 11
12 15 73 125 7
13 15 83 121 3
14 15 94 119 1
15 15 107 118 0
16 15 120 118 0
17 15 134 118 0
18 15 149 119 1
19 15 164 121 3
20 15 180 123 5
21 15 196 126 7
22 15 213 128 10
23 15 229 131 13
