# iteration  first  min  max  last: log10 residual over windows of 50 iterations
  50  -1.057  -1.608  -0.897  -1.408
 100  -1.487  -2.093  -1.287  -1.843
 150  -2.054  -2.410  -1.814  -2.260
 200  -2.439  -2.810  -2.319  -2.610
 250  -2.591  -3.141  -2.431  -2.891
 300  -2.800  -3.307  -2.600  -3.157
 350  -3.273  -3.670  -3.033  -3.470
 400  -3.829  -4.109  -3.709  -3.859
 450  -4.167  -4.444  -4.007  -4.294
 500  -4.304  -4.911  -4.104  -4.711
 550  -4.552  -5.309  -4.312  -5.059
 600  -5.061  -5.489  -4.941  -5.339
